List of the edge set of non-isomorphic connected simple graphs on 6 vertices on vertex set: [0, 1, 2, 3, 4, 5]
[(0, 5), (1, 5), (2, 5), (3, 5), (4, 5)]
[(0, 4), (0, 5), (1, 5), (2, 5), (3, 5)]
[(0, 4), (0, 5), (1, 5), (2, 5), (3, 5), (4, 5)]
[(0, 4), (0, 5), (1, 4), (2, 5), (3, 5)]
[(0, 4), (1, 4), (2, 5), (3, 5), (4, 5)]
[(0, 4), (0, 5), (1, 4), (1, 5), (2, 5), (3, 5)]
[(0, 4), (0, 5), (1, 4), (2, 5), (3, 5), (4, 5)]
[(0, 4), (0, 5), (1, 4), (1, 5), (2, 5), (3, 5), (4, 5)]
[(0, 4), (0, 5), (1, 4), (1, 5), (2, 4), (3, 5)]
[(0, 4), (0, 5), (1, 4), (1, 5), (2, 4), (2, 5), (3, 5)]
[(0, 4), (0, 5), (1, 4), (1, 5), (2, 4), (3, 5), (4, 5)]
[(0, 4), (0, 5), (1, 4), (1, 5), (2, 4), (2, 5), (3, 5), (4, 5)]
[(0, 4), (0, 5), (1, 4), (1, 5), (2, 4), (2, 5), (3, 4), (3, 5)]
[(0, 4), (0, 5), (1, 4), (1, 5), (2, 4), (2, 5), (3, 4), (3, 5), (4, 5)]
[(0, 3), (0, 5), (1, 4), (1, 5), (2, 5)]
[(0, 3), (0, 5), (1, 4), (1, 5), (2, 5), (3, 5)]
[(0, 3), (0, 5), (1, 4), (1, 5), (2, 5), (3, 5), (4, 5)]
[(0, 3), (0, 4), (0, 5), (1, 4), (1, 5), (2, 5)]
[(0, 3), (0, 4), (1, 4), (1, 5), (2, 5), (3, 5)]
[(0, 3), (0, 4), (0, 5), (1, 4), (2, 5), (4, 5)]
[(0, 3), (0, 4), (0, 5), (1, 4), (1, 5), (2, 5), (3, 5)]
[(0, 3), (0, 4), (0, 5), (1, 4), (1, 5), (2, 5), (4, 5)]
[(0, 3), (0, 4), (0, 5), (1, 4), (1, 5), (2, 5), (3, 5), (4, 5)]
[(0, 3), (0, 5), (1, 4), (1, 5), (2, 4)]
[(0, 3), (0, 5), (1, 4), (1, 5), (2, 4), (2, 5)]
[(0, 3), (0, 5), (1, 4), (1, 5), (2, 4), (3, 5)]
[(0, 3), (0, 5), (1, 4), (1, 5), (2, 4), (4, 5)]
[(0, 3), (0, 5), (1, 4), (2, 4), (3, 5), (4, 5)]
[(0, 3), (0, 5), (1, 4), (1, 5), (2, 4), (2, 5), (3, 5)]
[(0, 3), (0, 5), (1, 4), (1, 5), (2, 4), (2, 5), (4, 5)]
[(0, 3), (0, 5), (1, 4), (1, 5), (2, 4), (3, 5), (4, 5)]
[(0, 3), (0, 5), (1, 4), (1, 5), (2, 4), (2, 5), (3, 5), (4, 5)]
[(0, 3), (0, 4), (0, 5), (1, 5), (2, 5), (3, 4), (3, 5)]
[(0, 3), (0, 4), (0, 5), (1, 5), (2, 5), (3, 4), (3, 5), (4, 5)]
[(0, 3), (0, 4), (1, 4), (1, 5), (2, 4), (2, 5), (3, 5)]
[(0, 3), (0, 4), (0, 5), (1, 4), (1, 5), (2, 4), (2, 5), (3, 5)]
[(0, 3), (0, 4), (0, 5), (1, 4), (1, 5), (2, 4), (2, 5), (4, 5)]
[(0, 3), (0, 4), (0, 5), (1, 4), (1, 5), (2, 4), (3, 5), (4, 5)]
[(0, 3), (0, 4), (1, 4), (1, 5), (2, 4), (2, 5), (3, 5), (4, 5)]
[(0, 3), (0, 4), (0, 5), (1, 4), (1, 5), (2, 4), (2, 5), (3, 5), (4, 5)]
[(0, 3), (0, 4), (0, 5), (1, 4), (1, 5), (2, 5), (3, 4), (3, 5)]
[(0, 3), (0, 4), (0, 5), (1, 4), (2, 5), (3, 4), (3, 5), (4, 5)]
[(0, 3), (0, 4), (0, 5), (1, 4), (1, 5), (2, 5), (3, 4), (3, 5), (4, 5)]
[(0, 3), (0, 4), (0, 5), (1, 4), (1, 5), (2, 4), (2, 5), (3, 4), (3, 5)]
[(0, 3), (0, 4), (0, 5), (1, 4), (1, 5), (2, 4), (2, 5), (3, 4), (3, 5), (4, 5)]
[(0, 3), (0, 4), (0, 5), (1, 3), (1, 4), (1, 5), (2, 5)]
[(0, 3), (0, 4), (0, 5), (1, 3), (1, 4), (1, 5), (2, 5), (3, 5)]
[(0, 3), (0, 4), (0, 5), (1, 3), (1, 4), (1, 5), (2, 5), (3, 5), (4, 5)]
[(0, 3), (0, 4), (1, 3), (1, 5), (2, 4), (2, 5)]
[(0, 3), (0, 4), (0, 5), (1, 3), (1, 5), (2, 4), (2, 5)]
[(0, 3), (0, 4), (0, 5), (1, 3), (2, 4), (2, 5), (3, 5)]
[(0, 3), (0, 4), (1, 3), (1, 5), (2, 4), (2, 5), (3, 5)]
[(0, 3), (0, 4), (0, 5), (1, 3), (2, 4), (3, 5), (4, 5)]
[(0, 3), (0, 4), (1, 3), (1, 5), (2, 4), (3, 5), (4, 5)]
[(0, 3), (0, 4), (0, 5), (1, 3), (1, 5), (2, 4), (2, 5), (3, 5)]
[(0, 3), (0, 4), (0, 5), (1, 3), (1, 5), (2, 4), (3, 5), (4, 5)]
[(0, 3), (0, 4), (1, 3), (1, 5), (2, 4), (2, 5), (3, 5), (4, 5)]
[(0, 3), (0, 4), (0, 5), (1, 3), (1, 5), (2, 4), (2, 5), (3, 5), (4, 5)]
[(0, 3), (0, 4), (0, 5), (1, 3), (1, 4), (1, 5), (2, 4), (2, 5)]
[(0, 3), (0, 4), (0, 5), (1, 3), (1, 4), (1, 5), (2, 4), (3, 5)]
[(0, 3), (0, 4), (0, 5), (1, 3), (1, 4), (1, 5), (2, 4), (2, 5), (3, 5)]
[(0, 3), (0, 4), (0, 5), (1, 3), (1, 4), (1, 5), (2, 4), (2, 5), (4, 5)]
[(0, 3), (0, 4), (0, 5), (1, 3), (1, 4), (1, 5), (2, 4), (2, 5), (3, 5), (4, 5)]
[(0, 3), (0, 4), (0, 5), (1, 3), (1, 4), (1, 5), (2, 5), (3, 4), (3, 5)]
[(0, 3), (0, 4), (0, 5), (1, 3), (1, 4), (2, 5), (3, 4), (3, 5), (4, 5)]
[(0, 3), (0, 4), (0, 5), (1, 3), (1, 4), (1, 5), (2, 5), (3, 4), (3, 5), (4, 5)]
[(0, 3), (0, 4), (0, 5), (1, 3), (1, 5), (2, 4), (2, 5), (3, 4), (3, 5)]
[(0, 3), (0, 4), (1, 3), (1, 5), (2, 4), (2, 5), (3, 4), (3, 5), (4, 5)]
[(0, 3), (0, 4), (0, 5), (1, 3), (1, 5), (2, 4), (2, 5), (3, 4), (3, 5), (4, 5)]
[(0, 3), (0, 4), (0, 5), (1, 3), (1, 4), (1, 5), (2, 4), (2, 5), (3, 4), (3, 5), (4, 5)]
[(0, 3), (0, 4), (0, 5), (1, 3), (1, 4), (1, 5), (2, 3), (2, 4), (2, 5)]
[(0, 3), (0, 4), (0, 5), (1, 3), (1, 4), (1, 5), (2, 3), (2, 4), (2, 5), (3, 5)]
[(0, 3), (0, 4), (0, 5), (1, 3), (1, 4), (1, 5), (2, 3), (2, 4), (3, 5), (4, 5)]
[(0, 3), (0, 4), (0, 5), (1, 3), (1, 4), (1, 5), (2, 3), (2, 4), (2, 5), (3, 5), (4, 5)]
[(0, 3), (0, 4), (0, 5), (1, 3), (1, 4), (1, 5), (2, 3), (2, 4), (2, 5), (3, 4), (3, 5), (4, 5)]
[(0, 2), (0, 4), (0, 5), (1, 3), (1, 5), (2, 4), (2, 5)]
[(0, 2), (0, 4), (0, 5), (1, 3), (1, 5), (2, 4), (3, 5)]
[(0, 2), (0, 4), (0, 5), (1, 3), (1, 5), (2, 4), (2, 5), (3, 5)]
[(0, 2), (0, 4), (0, 5), (1, 3), (1, 5), (2, 4), (2, 5), (4, 5)]
[(0, 2), (0, 4), (0, 5), (1, 3), (1, 5), (2, 4), (2, 5), (3, 5), (4, 5)]
[(0, 2), (0, 4), (0, 5), (1, 3), (1, 4), (1, 5), (2, 4), (3, 5)]
[(0, 2), (0, 4), (0, 5), (1, 3), (1, 4), (1, 5), (2, 4), (2, 5), (3, 5)]
[(0, 2), (0, 4), (0, 5), (1, 3), (1, 4), (1, 5), (2, 4), (2, 5), (4, 5)]
[(0, 2), (0, 4), (0, 5), (1, 3), (1, 4), (1, 5), (2, 4), (3, 5), (4, 5)]
[(0, 2), (0, 4), (0, 5), (1, 3), (1, 4), (2, 4), (2, 5), (3, 5), (4, 5)]
[(0, 2), (0, 4), (0, 5), (1, 3), (1, 4), (1, 5), (2, 4), (2, 5), (3, 5), (4, 5)]
[(0, 2), (0, 4), (0, 5), (1, 3), (1, 4), (1, 5), (2, 4), (2, 5), (3, 4), (3, 5)]
[(0, 2), (0, 4), (0, 5), (1, 3), (1, 4), (1, 5), (2, 4), (2, 5), (3, 4), (3, 5), (4, 5)]
[(0, 2), (0, 3), (0, 5), (1, 3), (1, 4), (1, 5), (2, 4), (2, 5)]
[(0, 2), (0, 3), (0, 5), (1, 3), (1, 4), (1, 5), (2, 4), (3, 5)]
[(0, 2), (0, 3), (0, 5), (1, 3), (1, 4), (1, 5), (2, 4), (2, 5), (3, 5)]
[(0, 2), (0, 3), (0, 5), (1, 3), (1, 4), (1, 5), (2, 4), (2, 5), (3, 5), (4, 5)]
[(0, 2), (0, 3), (0, 4), (1, 3), (1, 4), (1, 5), (2, 4), (2, 5), (3, 5)]
[(0, 2), (0, 3), (0, 4), (0, 5), (1, 3), (1, 4), (1, 5), (2, 4), (2, 5), (3, 5)]
[(0, 2), (0, 3), (0, 4), (0, 5), (1, 3), (1, 4), (1, 5), (2, 4), (3, 5), (4, 5)]
[(0, 2), (0, 3), (0, 4), (0, 5), (1, 3), (1, 4), (1, 5), (2, 4), (2, 5), (3, 5), (4, 5)]
[(0, 2), (0, 3), (0, 4), (0, 5), (1, 3), (1, 4), (1, 5), (2, 4), (2, 5), (3, 4), (3, 5), (4, 5)]
[(0, 2), (0, 3), (0, 4), (0, 5), (1, 4), (1, 5), (2, 3), (2, 4), (2, 5), (3, 5)]
[(0, 2), (0, 3), (0, 4), (0, 5), (1, 4), (1, 5), (2, 3), (2, 4), (2, 5), (4, 5)]
[(0, 2), (0, 3), (0, 4), (0, 5), (1, 4), (1, 5), (2, 3), (2, 4), (2, 5), (3, 5), (4, 5)]
[(0, 2), (0, 3), (0, 4), (0, 5), (1, 5), (2, 3), (2, 4), (2, 5), (3, 4), (3, 5)]
[(0, 2), (0, 3), (0, 4), (0, 5), (1, 5), (2, 3), (2, 4), (2, 5), (3, 4), (3, 5), (4, 5)]
[(0, 2), (0, 3), (0, 4), (0, 5), (1, 4), (1, 5), (2, 3), (2, 4), (2, 5), (3, 4), (3, 5), (4, 5)]
[(0, 2), (0, 3), (0, 4), (0, 5), (1, 3), (1, 4), (1, 5), (2, 3), (2, 4), (2, 5), (3, 4), (3, 5), (4, 5)]
[(0, 2), (0, 3), (0, 4), (0, 5), (1, 2), (1, 3), (1, 4), (1, 5), (2, 4), (2, 5), (3, 5)]
[(0, 2), (0, 3), (0, 4), (0, 5), (1, 2), (1, 3), (1, 4), (1, 5), (2, 4), (2, 5), (4, 5)]
[(0, 2), (0, 3), (0, 4), (0, 5), (1, 2), (1, 3), (1, 4), (2, 4), (2, 5), (3, 5), (4, 5)]
[(0, 2), (0, 3), (0, 4), (0, 5), (1, 2), (1, 3), (1, 4), (1, 5), (2, 4), (2, 5), (3, 5), (4, 5)]
[(0, 2), (0, 3), (0, 4), (0, 5), (1, 2), (1, 3), (1, 4), (1, 5), (2, 4), (2, 5), (3, 4), (3, 5)]
[(0, 2), (0, 3), (0, 4), (0, 5), (1, 2), (1, 3), (1, 4), (1, 5), (2, 4), (2, 5), (3, 4), (3, 5), (4, 5)]
[(0, 2), (0, 3), (0, 4), (0, 5), (1, 2), (1, 3), (1, 4), (1, 5), (2, 3), (2, 4), (2, 5), (3, 4), (3, 5), (4, 5)]
[(0, 1), (0, 2), (0, 3), (0, 4), (0, 5), (1, 2), (1, 3), (1, 4), (1, 5), (2, 3), (2, 4), (2, 5), (3, 4), (3, 5), (4, 5)]
