List of the edge set of non-isomorphic connected simple graphs on 5 vertices with one root (distinguished vertex) on vertex set: [0, 1, 2, 3, 4]
[(0, 4), (1, 4), (2, 4), (3, 4)] root:0
[(0, 4), (1, 4), (2, 4), (3, 4)] root:4
[(0, 3), (0, 4), (1, 4), (2, 4)] root:0
[(0, 3), (0, 4), (1, 4), (2, 4)] root:1
[(0, 3), (0, 4), (1, 4), (2, 4)] root:3
[(0, 3), (0, 4), (1, 4), (2, 4)] root:4
[(0, 3), (0, 4), (1, 4), (2, 4), (3, 4)] root:0
[(0, 3), (0, 4), (1, 4), (2, 4), (3, 4)] root:1
[(0, 3), (0, 4), (1, 4), (2, 4), (3, 4)] root:4
[(0, 3), (0, 4), (1, 3), (1, 4), (2, 4)] root:0
[(0, 3), (0, 4), (1, 3), (1, 4), (2, 4)] root:2
[(0, 3), (0, 4), (1, 3), (1, 4), (2, 4)] root:3
[(0, 3), (0, 4), (1, 3), (1, 4), (2, 4)] root:4
[(0, 3), (0, 4), (1, 3), (2, 4), (3, 4)] root:0
[(0, 3), (0, 4), (1, 3), (2, 4), (3, 4)] root:1
[(0, 3), (0, 4), (1, 3), (2, 4), (3, 4)] root:3
[(0, 3), (0, 4), (1, 3), (1, 4), (2, 4), (3, 4)] root:0
[(0, 3), (0, 4), (1, 3), (1, 4), (2, 4), (3, 4)] root:2
[(0, 3), (0, 4), (1, 3), (1, 4), (2, 4), (3, 4)] root:3
[(0, 3), (0, 4), (1, 3), (1, 4), (2, 4), (3, 4)] root:4
[(0, 3), (0, 4), (1, 3), (1, 4), (2, 3), (2, 4)] root:0
[(0, 3), (0, 4), (1, 3), (1, 4), (2, 3), (2, 4)] root:3
[(0, 3), (0, 4), (1, 3), (1, 4), (2, 3), (2, 4), (3, 4)] root:0
[(0, 3), (0, 4), (1, 3), (1, 4), (2, 3), (2, 4), (3, 4)] root:3
[(0, 2), (0, 4), (1, 3), (1, 4)] root:0
[(0, 2), (0, 4), (1, 3), (1, 4)] root:2
[(0, 2), (0, 4), (1, 3), (1, 4)] root:4
[(0, 2), (0, 4), (1, 3), (1, 4), (2, 4)] root:0
[(0, 2), (0, 4), (1, 3), (1, 4), (2, 4)] root:1
[(0, 2), (0, 4), (1, 3), (1, 4), (2, 4)] root:3
[(0, 2), (0, 4), (1, 3), (1, 4), (2, 4)] root:4
[(0, 2), (0, 4), (1, 3), (1, 4), (2, 4), (3, 4)] root:0
[(0, 2), (0, 4), (1, 3), (1, 4), (2, 4), (3, 4)] root:4
[(0, 2), (0, 3), (1, 3), (1, 4), (2, 4)] root:0
[(0, 2), (0, 3), (0, 4), (1, 3), (1, 4), (2, 4)] root:0
[(0, 2), (0, 3), (0, 4), (1, 3), (1, 4), (2, 4)] root:1
[(0, 2), (0, 3), (0, 4), (1, 3), (1, 4), (2, 4)] root:2
[(0, 2), (0, 3), (0, 4), (1, 3), (1, 4), (2, 4), (3, 4)] root:0
[(0, 2), (0, 3), (0, 4), (1, 3), (1, 4), (2, 4), (3, 4)] root:1
[(0, 2), (0, 3), (0, 4), (1, 3), (1, 4), (2, 4), (3, 4)] root:4
[(0, 2), (0, 3), (0, 4), (1, 4), (2, 3), (2, 4)] root:0
[(0, 2), (0, 3), (0, 4), (1, 4), (2, 3), (2, 4)] root:1
[(0, 2), (0, 3), (0, 4), (1, 4), (2, 3), (2, 4)] root:3
[(0, 2), (0, 3), (0, 4), (1, 4), (2, 3), (2, 4)] root:4
[(0, 2), (0, 3), (0, 4), (1, 4), (2, 3), (2, 4), (3, 4)] root:0
[(0, 2), (0, 3), (0, 4), (1, 4), (2, 3), (2, 4), (3, 4)] root:1
[(0, 2), (0, 3), (0, 4), (1, 4), (2, 3), (2, 4), (3, 4)] root:4
[(0, 2), (0, 3), (0, 4), (1, 3), (1, 4), (2, 3), (2, 4), (3, 4)] root:0
[(0, 2), (0, 3), (0, 4), (1, 3), (1, 4), (2, 3), (2, 4), (3, 4)] root:1
[(0, 2), (0, 3), (0, 4), (1, 3), (1, 4), (2, 3), (2, 4), (3, 4)] root:3
[(0, 2), (0, 3), (0, 4), (1, 2), (1, 3), (1, 4), (2, 4)] root:0
[(0, 2), (0, 3), (0, 4), (1, 2), (1, 3), (1, 4), (2, 4)] root:2
[(0, 2), (0, 3), (0, 4), (1, 2), (1, 3), (1, 4), (2, 4)] root:3
[(0, 2), (0, 3), (0, 4), (1, 2), (1, 3), (1, 4), (2, 4), (3, 4)] root:0
[(0, 2), (0, 3), (0, 4), (1, 2), (1, 3), (1, 4), (2, 4), (3, 4)] root:4
[(0, 2), (0, 3), (0, 4), (1, 2), (1, 3), (1, 4), (2, 3), (2, 4), (3, 4)] root:0
[(0, 2), (0, 3), (0, 4), (1, 2), (1, 3), (1, 4), (2, 3), (2, 4), (3, 4)] root:2
[(0, 1), (0, 2), (0, 3), (0, 4), (1, 2), (1, 3), (1, 4), (2, 3), (2, 4), (3, 4)] root:0
